name   S*cd_c    (L/D)_c   cm_c*S    Weight Factor
ah79k132 0.134479 35.020121 -0.671718 1.177700
ah79k143 0.158387 28.543647 -0.631085 1.120400
ah80129 0.120813 38.875773 -0.683860 1.160400
ah80140 0.123093 32.971211 -0.403845 1.476300
ah82150f 0.222261 17.134578 -0.619698 1.131500
ah83150q 0.139775 32.654867 -0.507834 1.341300
ah88k136 0.179494 24.938744 -0.621220 1.120100
ah93156 0.131549 37.009873 -0.695781 1.231400
ah93157 0.112779 43.302146 -0.736137 1.268400
ah93k130 0.168703 25.012417 -0.577473 1.192900
ah93k131 0.154401 25.958904 -0.526126 1.196200
ah93w145 0.099216 43.832021 -0.584618 1.467600
ah93w174 0.129606 29.900053 -0.479291 1.524600
ah93w300 0.162279 24.393287 -0.494378 1.397200
ah93w480b 0.356426 15.306156 -1.118502 2.227500
ah94156 0.135878 35.078759 -0.666096 1.228300
amsoil1 0.084122 42.920502 -0.429410 1.316000
apex16 0.094322 39.014296 -0.539388 1.222000
arad13 0.084875 46.943548 -0.342237 1.660700
arad20 0.121015 30.514706 -0.151953 1.668100
atr72sm 0.105773 38.500327 -0.329027 1.483200
august160 0.115917 40.904079 -0.378934 1.200100
avistar 0.084002 46.633416 -0.469240 1.363800
bambino6 0.113712 38.375967 -0.544545 1.115200
boe103 0.074255 62.150635 -0.597679 1.456100
boe106 0.076700 56.995556 -0.535879 1.359100
c141c 0.082032 43.591253 -0.484330 1.096400
c141d 0.077171 46.660730 -0.483782 1.169900
c141e 0.076866 47.132680 -0.491452 1.190000
c5d 0.083412 41.803143 -0.499508 1.174700
clarkk 0.072430 59.544592 -0.606102 1.334800
clarkv 0.076249 58.776408 -0.705441 1.316400
clarkw 0.070751 63.752381 -0.638108 1.368300
clarkx 0.072897 59.145540 -0.618765 1.326600
clarky 0.070813 60.777251 -0.596034 1.395100
clarkyh 0.081020 52.264631 -0.287246 1.186500
clarkys 0.086995 42.006270 -0.209306 1.215000
clarkysm 0.070801 65.710254 -0.654057 1.350700
clarkz 0.072732 62.912088 -0.617425 1.492300
clarym15 0.078964 59.373412 -0.631844 1.469000
clarym18 0.092336 50.095238 -0.584455 1.471900
cr1 0.092933 45.092799 -0.633354 1.470900
curtisc72 0.072022 75.632965 -0.586827 1.446000
davis 0.069535 66.791188 -0.690024 1.240700
davis_corrected 0.101260 34.361264 -0.242023 1.299000
defcnd2 0.085170 55.230537 -0.564580 1.427300
defcnd3 0.075064 52.176744 -0.384749 1.367000
df101 0.068354 56.436663 -0.467423 1.220900
df102 0.067113 56.974093 -0.438841 1.362900
dfvlrr4 0.113386 32.606061 -0.564870 1.391000
dsma523b 0.151381 24.447092 -0.538276 1.112200
e1200 0.145899 28.745795 -0.605050 1.489000
e1210 0.093834 50.956938 -0.555433 1.729300
e1211 0.109131 42.293413 -0.583557 1.693500
e1212 0.107782 35.134961 -0.377515 1.598500
e1230 0.102373 37.031250 -0.332435 1.645300
e1233 0.118956 37.127660 -0.513522 1.656200
e193 0.077515 54.946809 -0.571055 1.273700
e197 0.087918 47.631579 -0.548962 1.186100
e201 0.079382 53.080279 -0.588092 1.243900
e203 0.087874 44.837134 -0.557442 1.227200
e205 0.079063 49.793537 -0.430801 1.186900
e207 0.081004 48.507067 -0.452966 1.170800
e210 0.080579 58.707375 -0.750199 1.476900
e211 0.068254 58.889990 -0.616249 1.273200
e212 0.062593 68.542767 -0.711856 1.366400
e214 0.066425 74.234063 -0.841844 1.389200
e216 0.068665 82.478032 -1.093338 1.580700
e220 0.093169 39.370200 -0.339904 1.120100
e222 0.063496 62.930481 -0.587427 1.263600
e266 0.173798 21.724690 -0.386681 1.203700
e326 0.112113 31.772308 -0.114528 1.229600
e327 0.020341 180.000000 -0.170423 1.195000
e328 0.102695 40.849673 -0.306071 1.307000
e329 0.098262 45.634179 -0.396853 1.388500
e332 0.090457 42.237237 -0.230217 1.282300
e333 0.088659 46.689291 -0.321605 1.347600
e334 0.087310 50.693816 -0.407580 1.423100
e335 0.020781 168.766667 -0.095591 1.215400
e336 0.100816 38.695073 -0.202705 1.332900
e337 0.013827 291.844660 -0.261100 1.279500
e338 0.014222 301.620370 -0.340418 1.303000
e339 0.095148 49.797023 -0.456427 1.456400
e342 0.104032 42.304348 -0.318559 1.432400
e343 0.102178 45.409631 -0.394270 1.442900
e344 0.101866 48.306250 -0.473040 1.501000
e392 0.075955 59.119718 -0.655245 1.363100
e393 0.077434 62.593537 -0.776970 1.361400
e395 0.080834 66.696629 -0.991199 1.489200
e396 0.086344 62.342216 -0.977272 1.535400
e397 0.093256 56.377953 -0.967439 1.490700
e398 0.088422 59.826990 -0.927052 1.580300
e399 0.092602 57.473753 -0.954573 1.572800
e431 0.117730 36.947674 -0.605075 1.391500
e432 0.114066 37.655334 -0.533557 1.494400
e433 0.027990 137.651515 -0.537186 1.359200
e434 0.093500 54.185889 -0.734554 1.333600
e435 0.121284 41.791359 -0.872250 1.472100
e541 0.168987 34.146029 -0.780717 1.119600
e542 0.143046 40.290145 -0.674082 1.122200
e543 0.169723 23.979682 -0.364336 1.062400
e549 0.119690 30.941313 -0.452751 1.246700
e551 0.109921 37.725061 -0.623152 1.343500
e552 0.121086 33.359202 -0.551734 1.440200
e553 0.104564 41.580278 -0.679469 1.399300
e554 0.114585 36.740012 -0.602453 1.496700
e555 0.097808 45.318697 -0.719703 1.322200
e556 0.093317 50.161064 -0.798552 1.387400
e557 0.091978 54.524138 -0.889331 1.454200
e558 0.093211 48.289937 -0.690720 1.559500
e559 0.092590 53.474403 -0.821619 1.641500
e560 0.092481 57.974768 -0.941393 1.715200
e561 0.097784 55.456821 -0.920321 1.771600
e562 0.086395 57.022845 -0.842941 1.547600
e580 0.097595 53.415716 -0.904824 1.538300
e582 0.113553 41.263097 -0.655674 1.364700
e583 0.130540 34.729114 -0.571732 1.411900
e584 0.117708 46.486911 -0.772187 1.361600
e585 0.113682 37.114695 -0.577919 1.387000
e587 0.127577 38.042705 -0.815271 1.444600
e593 0.122521 30.430168 -0.273790 1.518700
e598 0.090374 43.226048 -0.321992 1.487000
e604 0.158178 26.777926 -0.617365 1.332100
e625 0.097401 43.267744 -0.255309 1.348600
e638 0.090486 47.392257 -0.332464 1.491700
e639 0.090348 50.473798 -0.429363 1.540300
e642 0.117555 39.521505 -0.584614 1.240500
e654 0.169016 25.020492 -0.716932 1.498200
e664ex 0.111474 78.650255 -1.895433 1.989700
e678 0.102455 46.711739 -0.884752 1.483700
e682 0.142601 31.608943 -0.637048 1.196300
e748 0.118632 44.742857 -0.894825 1.824300
e793 0.088831 53.855596 -0.721550 1.633100
e853 0.082574 53.943320 -0.766905 1.221400
e854 0.086586 53.744186 -0.768535 1.267900
e855 0.093423 50.369357 -0.765536 1.447100
e856 0.104986 46.573681 -0.771634 1.613100
e857 0.115554 43.283747 -0.760811 1.626500
e858 0.127955 37.794486 -0.672164 1.428700
ec863914 0.141489 30.741771 -0.827159 1.409300
eh3012 0.090022 40.793893 -0.213716 1.191100
fx05188 0.183025 20.411909 -0.549373 1.336400
fx601001 0.073404 63.230634 -0.756012 1.370300
fx60126 0.078321 60.268007 -0.741229 1.533700
fx60160 0.111661 39.404467 -0.698229 1.304400
fx61140 0.105423 39.730408 -0.586273 1.307200
fx61147 0.102869 44.591709 -0.669426 1.441600
fx61168 0.123043 36.296296 -0.639955 1.425700
fx61184 0.138146 31.608325 -0.662628 1.393200
fx62k153 0.173036 25.724980 -0.812681 1.387100
fx63110 0.074358 72.662771 -0.920481 1.608300
fx63120 0.078493 76.163760 -1.062242 1.663100
fx63137 0.085540 75.047554 -1.161648 1.706800
fx63137sm 0.085720 74.909091 -1.170644 1.846400
fx63145 0.086713 59.261156 -0.759293 1.511500
fx63158 0.111600 42.011494 -0.657412 1.469300
fx6617a2 0.140838 28.587896 -0.518163 1.434000
fx6617ai 0.146861 27.801645 -0.558446 1.502600
fx66182 0.138671 29.908390 -0.551610 1.434900
fx66a175 0.132134 33.649852 -0.613617 1.398500
fx66s161 0.111447 38.858152 -0.604134 1.462400
fx66s171 0.119113 36.163626 -0.598530 1.484600
fx68h120 0.076533 49.405561 -0.326532 1.116100
fx69pr281 0.145791 34.253698 -0.765878 1.436200
fx77w121 0.111316 38.185032 -0.386357 1.411000
fx77w153 0.124535 32.536665 -0.288845 1.554700
fx78k140a20 0.211906 19.749833 -0.718840 1.180800
fx78k161 0.227700 17.938404 -0.484452 1.138300
fx79k144 0.155784 25.339408 -0.520225 1.219500
fx79w151a 0.085940 52.586466 -0.582840 1.332100
fx83w108 0.087436 54.947683 -0.863900 1.418100
fx83w160 0.158246 24.597070 -0.760072 1.417700
fx84w127 0.085005 52.489895 -0.607476 1.329600
fx84w140 0.091217 53.112583 -0.703427 1.371000
fx84w150 0.090804 52.674173 -0.680547 1.391800
fx84w175 0.116908 34.718970 -0.537312 1.452200
fxs02196 0.117045 40.929825 -0.693372 1.385400
fxs03182 0.183078 21.747495 -0.628849 1.204300
fxs21158 0.117757 36.514983 -0.582904 1.384500
geminism 0.091831 42.996870 -0.449097 1.162000
goe165 0.096335 56.612194 -0.914300 1.465100
goe167 0.018760 225.139860 -0.506397 1.261800
goe176 0.072000 72.543103 -0.777723 1.511700
goe190 0.094938 55.905563 -0.881213 1.619200
goe223 0.102470 54.947552 -0.938712 1.571000
goe229 0.116683 48.389923 -0.938069 1.344000
goe255 0.102757 48.754647 -0.755718 1.470000
goe256 0.083148 61.962406 -0.747703 1.498300
goe284 0.104869 45.733579 -0.611574 1.699300
goe285 0.072865 57.120658 -0.501533 1.386500
goe288 0.102491 52.156980 -0.825945 1.908100
goe290 0.101106 43.853755 -0.536833 1.467900
goe298 0.099078 46.217478 -0.606102 1.689800
goe319 0.094440 51.595092 -0.545910 1.713000
goe321 0.081620 55.284227 -0.475080 1.631500
goe329 0.088766 56.512281 -0.698295 1.522400
goe330 0.068283 76.019856 -0.756164 1.464500
goe358 0.081258 65.827124 -0.931254 1.555900
goe363 0.072531 71.141869 -0.686414 1.555100
goe365 0.074661 69.634664 -0.687614 1.483500
goe367 0.086019 59.421669 -0.720396 1.505700
goe383 0.108870 45.246098 -0.564606 1.581400
goe386 0.105420 48.453237 -0.666144 1.704600
goe387 0.084437 62.911677 -0.723657 1.562700
goe388 0.121809 36.850858 -0.680272 1.529000
goe389 0.070695 63.948127 -0.605083 1.351300
goe392 0.072586 71.435101 -0.842638 1.030600
goe398 0.076781 66.815920 -0.674862 1.495600
goe404 0.100055 46.432361 -0.531459 1.608700
goe406 0.025482 176.485788 -0.518199 1.559500
goe412 0.083466 61.006865 -0.790734 1.492800
goe413 0.097319 50.947226 -0.754582 1.559700
goe414 0.076896 64.918699 -0.758331 1.373900
goe418 0.101814 44.361350 -0.634066 1.544800
goe420 0.096281 47.020833 -0.679984 1.453100
goe423 0.103470 49.491931 -0.784222 1.413500
goe424 0.125931 37.586934 -0.544065 1.525600
goe425 0.097119 47.059215 -0.586717 1.583000
goe426 0.082723 55.782101 -0.645694 1.513300
goe430 0.078237 68.221344 -0.952447 1.588100
goe433 0.100069 51.532756 -0.847306 1.586200
goe434 0.134130 40.450704 -0.884122 1.682200
goe435 0.129563 40.039024 -0.824779 1.663000
goe436 0.072732 59.789377 -0.544826 1.357000
goe438 0.071400 62.070896 -0.560145 1.358700
goe449 0.091534 62.689189 -0.883796 1.457100
goe476 0.089051 59.893542 -0.791283 1.416000
goe477 0.078548 63.361065 -0.729283 1.347400
goe478 0.077434 64.889456 -0.730220 1.461600
goe479 0.014169 327.729469 -0.613973 1.261400
goe480 0.076951 66.423895 -0.755660 1.510500
goe481a 0.106666 42.849021 -0.695383 1.521100
goe493 0.086446 50.348743 -0.668149 1.281800
goe497 0.078589 68.317308 -0.916238 1.526800
goe498 0.090275 60.221607 -0.863985 1.543900
goe504 0.091315 60.625420 -0.809979 1.381000
goe505 0.080485 68.070444 -0.804233 1.388600
goe506 0.092293 50.618337 -0.643492 1.363200
goe508 0.093174 59.043771 -0.778647 1.554200
goe509 0.078117 65.113269 -0.641495 1.415800
goe510 0.097401 47.166213 -0.591837 1.421600
goe512 0.093621 46.712428 -0.434283 1.524300
goe513 0.111762 37.037959 -0.358862 1.575000
goe522 0.114187 42.574085 -0.717901 1.609100
goe527 0.093174 58.659933 -0.727825 1.600400
goe530 0.079092 65.565287 -0.620901 1.478700
goe532 0.083831 59.491393 -0.630372 1.583100
goe533 0.082241 58.966589 -0.646040 1.604400
goe534 0.098585 49.690789 -0.577889 1.663400
goe535 0.105336 50.892963 -0.768685 1.730900
goe546 0.068141 66.007790 -0.678091 1.365900
goe547 0.074755 63.899204 -0.803069 1.305200
goe548 0.072000 59.546716 -0.661384 1.041100
goe549 0.085878 55.719640 -0.654706 1.512900
goe550 0.084316 54.507692 -0.740683 1.388100
goe553 0.081921 59.071763 -0.635177 1.613600
goe567 0.090915 57.095238 -0.877612 1.526700
goe575 0.091516 54.212707 -0.705329 1.406900
goe584 0.082241 60.260252 -0.677771 1.434700
goe591 0.072388 68.355321 -0.690778 1.407200
goe593 0.070231 69.031963 -0.683068 1.354600
goe600 0.080909 44.857904 -0.436882 1.244800
goe601 0.097214 38.249235 -0.471949 1.225200
goe604 0.098696 52.040687 -0.588534 1.541200
goe611 0.076822 68.641087 -0.715410 1.470900
goe612 0.083689 61.869231 -0.762215 1.597700
goe613 0.007942 563.934426 -0.587874 1.193700
goe615 0.080415 65.935787 -0.725434 1.492800
goe617 0.082923 55.349398 -0.553484 1.253200
goe619 0.075343 65.077187 -0.730166 1.444200
goe620 0.089317 61.584434 -0.869585 1.542800
goe621 0.083507 62.012289 -0.761957 1.589100
goe623 0.073598 58.479638 -0.555483 1.420100
goe624 0.086650 56.484086 -0.642661 1.655000
goe626 0.107253 47.743076 -0.844372 1.519000
goe627 0.091914 55.438233 -0.598173 1.490400
goe628 0.097385 51.476378 -0.662016 1.717600
goe629 0.076223 60.196780 -0.668144 1.300000
goe632 0.086277 57.935484 -0.617853 1.291800
goe633 0.086586 52.490272 -0.466958 1.432600
goe645 0.095412 48.591451 -0.565651 1.532200
goe646 0.099115 48.841827 -0.770747 1.477000
goe647 0.089324 55.801853 -0.612469 1.692000
goe648 0.085392 54.592075 -0.549373 1.557800
goe650 0.084281 56.359375 -0.773019 1.491000
goe654 0.086077 57.692308 -0.614379 1.550600
goe655 0.081142 58.067906 -0.587079 1.517400
goe673 0.070246 58.667992 -0.607498 1.085600
goe675 0.078082 69.763220 -0.856616 1.667800
goe679 0.096436 52.576769 -0.708782 1.550500
goe681 0.083828 60.275440 -0.670240 1.579700
goe682 0.069855 66.458527 -0.658184 1.405900
goe683 0.120966 38.384211 -0.478133 1.421400
goe685 0.091583 49.581465 -0.673523 1.419300
goe692 0.089793 58.328571 -0.838281 1.585700
goe693 0.075888 56.211454 -0.620477 1.352400
goe701 0.075826 67.976490 -0.776728 1.449300
goe702 0.101755 41.372032 -0.405410 1.625000
goe703 0.131887 35.256898 -0.496929 1.296100
goe704 0.088820 40.605346 -0.312128 1.206900
goe723 0.078421 62.308984 -0.757216 1.434400
goe735 0.121285 36.947983 -0.322525 1.332200
goe741 0.114467 37.926402 -0.299541 1.491400
goe758 0.085496 55.588897 -0.649075 1.482300
goe769 0.088311 50.593539 -0.416674 1.620200
goe770 0.121502 31.152955 -0.252718 1.555700
goe777 0.133850 33.813230 -0.346995 1.428500
goe796 0.075914 57.267905 -0.632279 1.375700
goe797 0.091904 54.841214 -0.808785 1.570400
gs1 0.080589 58.854515 -0.719641 1.428600
hq2511 0.074408 51.646168 -0.489246 1.270100
hq2512 0.078913 46.931311 -0.456864 1.255100
hq300gd2 0.129405 32.749608 -0.493134 1.502900
hq3011 0.071695 58.646617 -0.590941 1.303900
hq3012 0.079825 51.244598 -0.553322 1.353800
hq3013 0.085344 48.666128 -0.566431 1.371800
hq3014 0.091315 45.338919 -0.555680 1.374100
hq3015 0.096781 43.001443 -0.555826 1.383700
hq3512 0.076022 57.616535 -0.623152 1.396400
hq3513 0.082947 53.225020 -0.625980 1.431500
hq3514 0.090211 49.650298 -0.645032 1.438900
hq3518 0.111912 39.657492 -0.620818 1.518700
k1 0.093541 37.345725 -0.570981 1.288600
k3 0.114882 38.651877 -0.790710 1.406600
k3311 0.072705 59.395085 -0.579989 1.256800
k3311sm 0.072567 59.460227 -0.584112 1.272400
l188tip 0.093458 42.948529 -0.621907 1.340800
l7769 0.130641 26.956522 -0.245904 1.461000
lds2 0.075434 53.259871 -0.489730 1.284500
ls413 0.098287 44.639456 -0.642542 1.486800
ls413mod 0.088751 48.483232 -0.515457 1.511100
ls417 0.146265 28.990566 -0.597478 1.545300
ls417mod 0.133091 28.898216 -0.387542 1.651300
ls421mod 0.143160 30.327711 -0.398089 1.570900
m15 0.081324 50.982801 -0.458240 1.338000
m18 0.088868 44.252266 -0.363124 1.347100
m685 0.079562 46.949301 -0.351908 1.121100
marske2 0.108771 34.430946 -0.120316 1.318000
marske3 0.109140 33.870761 -0.094267 1.345700
marske5 0.123821 31.984522 -0.092404 1.134200
mb253515sm 0.099141 40.218341 -0.420663 1.114900
mh102 0.096574 38.348214 -0.370056 1.444800
mh115 0.072246 78.233810 -0.967941 1.608300
mh120 0.073095 61.184573 -0.615499 1.127000
mh18 0.085422 42.684295 -0.363456 1.080600
mh201 0.094337 42.035529 -0.541861 1.384200
mh70 0.072341 53.552124 -0.393128 1.393700
mh82 0.092312 39.553707 -0.155715 1.626300
mh83 0.089776 49.354605 -0.412097 1.781300
mh84 0.085279 52.168582 -0.434564 1.752000
miley 0.226493 16.926564 -0.416845 1.431400
mrc-16 0.078359 56.824725 -0.583212 1.321800
mrc-20 0.013288 289.042553 -0.458729 1.191200
ms313 0.092795 41.167286 -0.460872 1.503200
ms317 0.121711 31.082949 -0.422063 1.525800
mue139 0.093262 48.802268 -0.460029 1.588700
n0011sc 0.089919 41.257267 -0.436524 0.958300
n10 0.075145 66.905158 -0.502637 1.375800
n11 0.070625 74.275742 -0.609492 1.440500
n2414 0.079194 49.884444 -0.475871 1.328300
n2415 0.085161 45.179916 -0.438987 1.333700
n5h15 0.107701 39.061566 -0.396558 1.160700
n63412 0.084474 43.700000 -0.489246 1.266800
n63415 0.099929 38.742898 -0.518806 1.315200
n6h15 0.204230 22.301075 -0.486262 1.324800
naca2411 0.067558 60.364742 -0.544157 1.258700
naca4415 0.079852 63.887550 -0.766447 1.380000
naca632615 0.097150 48.479009 -0.732136 1.423400
naca633418 0.118539 33.141809 -0.516617 1.330100
naca633618 0.109222 41.419240 -0.688797 1.408700
naca634421 0.128534 28.679549 -0.471911 1.293700
naca6412 0.074513 71.931260 -0.862202 1.588500
naca642415 0.103548 37.045922 -0.523774 1.287000
naca643418 0.122742 31.835891 -0.525312 1.312700
naca643618 0.118493 39.902186 -0.730868 1.390800
naca644421 0.139577 25.781638 -0.471720 1.250100
naca651412 0.095916 38.393515 -0.518809 1.168900
naca652415 0.119200 30.744552 -0.502920 1.226000
naca747a315 0.131654 28.992845 -0.262294 1.159000
naca747a415 0.123553 33.975973 -0.372496 1.186200
nlf0215f 0.123427 38.542795 -0.717427 1.460300
nlf416 0.124381 32.292818 -0.498213 1.481400
nn7mk20 0.129444 32.179752 -0.605768 1.312400
oaf102 0.076821 58.949153 -0.783180 1.400800
psu-90-125wl 0.084403 45.681034 -0.491139 1.253000
pt40 0.093429 42.585949 -0.513231 1.456300
r1082 0.167588 21.105019 -0.348464 1.270200
r1082t 0.137420 26.168699 -0.365896 1.243800
raf31 0.077468 51.286496 -0.548496 1.194300
raf32 0.084140 62.631982 -0.927018 1.385300
raf32md 0.073270 64.628469 -0.798297 1.328100
raf33 0.021597 197.804878 -0.370707 1.299200
raf34 0.087512 44.161238 -0.343493 1.141300
raf38 0.080327 52.536797 -0.516734 1.191700
raf48 0.085137 53.689095 -0.544537 1.274600
rc12b3 0.090106 43.632813 -0.394213 1.197100
rg1410 0.065875 55.194532 -0.406608 1.182100
rg15a213 0.080003 46.690519 -0.429352 1.349100
rg8 0.067751 55.356415 -0.541594 1.252400
rhodesg32 0.091480 55.233196 -0.468067 1.394400
s2091 0.070695 61.325648 -0.544643 1.436300
s3010 0.070400 52.580321 -0.377444 1.378400
s4022 0.012503 413.400000 -0.919000 1.329300
s4158 0.114293 34.693878 -0.634021 1.298700
s4233 0.081552 49.868313 -0.520858 1.281700
s4310 0.075805 58.977778 -0.567357 1.437100
s7055 0.011838 342.742857 -0.497193 1.196100
s8037 0.104261 38.709677 -0.395004 1.282300
s8055 0.083010 47.457770 -0.440993 1.299900
sc20518 0.140157 25.439478 -0.457568 1.446600
sc20612 0.097661 38.673540 -0.511461 1.234500
sc20614 0.111085 34.743202 -0.524886 1.337100
sc20712 0.096351 43.337838 -0.573551 1.233400
sc20714 0.120491 32.114537 -0.519516 1.357000
sd7034 0.072705 60.141777 -0.547004 1.427300
sd7062 0.078593 56.940678 -0.540163 1.586000
sg6040 0.101195 40.704225 -0.587217 1.346800
sg6042 0.074235 62.808099 -0.751501 1.468300
sg6043 0.077958 72.213562 -1.026273 1.621000
sg6050 0.088118 47.520786 -0.597443 1.383900
sg6051 0.089678 46.605364 -0.621220 1.326100
sm701 0.098043 47.998657 -0.728903 1.578100
spicasm 0.081073 59.016000 -0.605778 1.468100
ste87391 0.159016 24.196197 -0.689252 1.436000
tempest1 0.103404 35.079256 -0.391240 1.057600
tempest2 0.084122 43.572010 -0.427112 1.000900
tsagi12 0.085543 46.967480 -0.387377 1.056400
ui1720 0.164266 29.948365 -0.554857 0.978700
usa27 0.012571 384.846939 -0.632399 1.265600
usa27m2 0.084248 60.637659 -0.683208 1.428000
usa28 0.089555 45.966851 -0.618471 1.227300
usa33 0.115935 35.500900 -0.322002 1.297500
usa35b 0.078765 66.209614 -0.538137 1.474400
usa40 0.077346 61.244779 -0.671365 1.563700
usa40b 0.089837 50.110783 -0.552027 1.744700
usa45 0.098153 46.171771 -0.446980 1.404400
usa45m 0.085432 46.049285 -0.368075 1.253800
usa48 0.083193 45.335599 -0.465797 1.196600
usnps4 0.070506 73.719298 -0.767524 1.695600
v43012 0.093241 44.967225 -0.280471 1.455900
v43015 0.028184 141.368159 -0.175275 1.425800
vr1 0.073132 52.179245 -0.452593 1.041800
vr11x 0.080836 46.215072 -0.375776 1.358900
vr5 0.087788 43.446055 -0.361894 1.330200
vr7 0.082239 50.375107 -0.421362 1.264600
wb13535sm 0.078473 60.052129 -0.689961 1.227900
wb140 0.088579 52.055857 -0.652831 1.297100
