Filename  Score  S*cd_c  Dc  L/D_c  LDc  Cm  Cmc  WF  WFs
mrc-20  10.00 0.0133   10 289.04   10 -0.4587    8 1.24   10 
goe392   9.80 0.0726    9  71.44   10 -0.8426    1 1.08   10 
s7055   9.65 0.0118   10 342.74   10 -0.4972    8 1.25    9 
goe613   9.65 0.0079   10 563.93   10 -0.5879    6 1.25    9 
goe479   9.65 0.0142   10 327.73   10 -0.6140    5 1.32    9 
e335   9.65 0.0208   10 168.77   10 -0.0956   10 1.27    9 
e327   9.65 0.0203   10 180.00   10 -0.1704   10 1.25    9 
davis   9.65 0.0695   10  66.79   10 -0.6900    3 1.29    9 
mh120   9.35 0.0731    9  61.18    9 -0.6155    5 1.18   10 
usa27   9.30 0.0126   10 384.85   10 -0.6324    5 1.32    8 
raf33   9.30 0.0216   10 197.80   10 -0.3707    9 1.36    8 
goe167   9.30 0.0188   10 225.14   10 -0.5064    8 1.32    8 
e338   9.30 0.0142   10 301.62   10 -0.3404   10 1.36    8 
e337   9.30 0.0138   10 291.84   10 -0.2611   10 1.34    8 
naca2411   9.20 0.0676   10  60.36    9 -0.5442    7 1.31    9 
goe673   9.10 0.0702   10  58.67    8 -0.6075    5 1.13   10 
goe548   9.10 0.0720   10  59.55    8 -0.6614    4 1.09   10 
s4022   8.95 0.0125   10 413.40   10 -0.9190    1 1.39    7 
goe593   8.95 0.0702   10  69.03   10 -0.6831    4 1.41    7 
e433   8.95 0.0280   10 137.65   10 -0.5372    7 1.42    7 
e222   8.85 0.0635   10  62.93    9 -0.5874    6 1.32    8 
rg1410   8.65 0.0659   10  55.19    7 -0.4066    9 1.23   10 
goe547   8.65 0.0748    9  63.90    9 -0.8031    2 1.36    8 
e214   8.60 0.0664   10  74.23   10 -0.8418    1 1.45    6 
e212   8.60 0.0626   10  68.54   10 -0.7119    3 1.43    6 
k3311   8.55 0.0727    9  59.40    8 -0.5800    6 1.31    9 
goe438   8.50 0.0714   10  62.07    9 -0.5601    6 1.42    7 
goe389   8.50 0.0707   10  63.95    9 -0.6051    5 1.41    7 
clarkysm   8.50 0.0708   10  65.71    9 -0.6541    4 1.41    7 
n10   8.40 0.0751    9  66.91   10 -0.5026    8 1.44    6 
hq3011   8.40 0.0717   10  58.65    8 -0.5909    6 1.36    8 
e211   8.40 0.0683   10  58.89    8 -0.6162    5 1.33    8 
wb13535sm   8.35 0.0785    8  60.05    8 -0.6900    3 1.28    9 
rg8   8.30 0.0678   10  55.36    7 -0.5416    7 1.31    9 
df101   8.30 0.0684   10  56.44    7 -0.4674    8 1.27    9 
raf32md   8.30 0.0733    9  64.63    9 -0.7983    2 1.39    7 
v43015   8.25 0.0282   10 141.37   10 -0.1753   10 1.49    5 
n11   8.25 0.0706   10  74.28   10 -0.6095    5 1.50    5 
k3311sm   8.20 0.0726    9  59.46    8 -0.5841    6 1.33    8 
goe629   8.20 0.0762    9  60.20    8 -0.6681    4 1.36    8 
goe505   8.20 0.0805    8  68.07   10 -0.8042    2 1.45    6 
clarkv   8.20 0.0762    9  58.78    8 -0.7054    3 1.37    8 
goe546   8.15 0.0681   10  66.01    9 -0.6781    4 1.43    6 
clarky   8.15 0.0708   10  60.78    9 -0.5960    6 1.46    6 
clarkw   8.15 0.0708   10  63.75    9 -0.6381    4 1.43    6 
goe477   8.10 0.0785    8  63.36    9 -0.7293    3 1.41    7 
e393   8.10 0.0774    8  62.59    9 -0.7770    2 1.42    7 
goe591   8.05 0.0724    9  68.36   10 -0.6908    3 1.47    5 
df102   8.05 0.0671   10  56.97    8 -0.4388    9 1.42    7 
vr1   8.00 0.0731    9  52.18    6 -0.4526    8 1.09   10 
fx68h120   8.00 0.0765    9  49.41    6 -0.3265   10 1.16   10 
goe414   7.95 0.0769    9  64.92    9 -0.7583    2 1.43    6 
fx601001   7.95 0.0734    9  63.23    9 -0.7560    2 1.43    6 
goe330   7.90 0.0683   10  76.02   10 -0.7562    2 1.53    4 
e201   7.90 0.0794    8  53.08    7 -0.5881    6 1.30    9 
curtisc72   7.90 0.0720   10  75.63   10 -0.5868    6 1.51    4 
goe436   7.85 0.0727    9  59.79    8 -0.5448    7 1.42    7 
clarkx   7.85 0.0729    9  59.15    8 -0.6188    5 1.38    7 
clarkk   7.85 0.0724    9  59.54    8 -0.6061    5 1.39    7 
boe106   7.85 0.0767    9  57.00    8 -0.5359    7 1.42    7 
e205   7.80 0.0791    8  49.79    6 -0.4308    9 1.24   10 
clarkyh   7.80 0.0810    8  52.26    6 -0.2872   10 1.24   10 
s2091   7.80 0.0707   10  61.33    9 -0.5446    7 1.50    5 
goe682   7.80 0.0699   10  66.46    9 -0.6582    4 1.47    5 
naca4415   7.75 0.0799    8  63.89    9 -0.7664    2 1.44    6 
lds2   7.75 0.0754    9  53.26    7 -0.4897    8 1.34    8 
goe701   7.70 0.0758    9  67.98   10 -0.7767    2 1.51    4 
goe617   7.70 0.0829    7  55.35    7 -0.5535    6 1.31    9 
goe611   7.70 0.0768    9  68.64   10 -0.7154    3 1.53    4 
goe365   7.70 0.0747    9  69.63   10 -0.6876    3 1.55    4 
e853   7.70 0.0826    7  53.94    7 -0.7669    2 1.27    9 
goe632   7.60 0.0863    6  57.94    8 -0.6179    5 1.35    8 
raf32   7.55 0.0841    7  62.63    9 -0.9270    1 1.45    6 
mrc-16   7.55 0.0784    8  56.82    7 -0.5832    6 1.38    8 
goe176   7.55 0.0720   10  72.54   10 -0.7777    2 1.58    3 
e193   7.55 0.0775    8  54.95    7 -0.5711    6 1.33    8 
c141e   7.55 0.0769    9  47.13    5 -0.4915    8 1.24   10 
c141d   7.55 0.0772    9  46.66    5 -0.4838    8 1.22   10 
oaf102   7.50 0.0768    9  58.95    8 -0.7832    2 1.46    6 
hq3512   7.50 0.0760    9  57.62    8 -0.6232    5 1.46    6 
goe796   7.50 0.0759    9  57.27    8 -0.6323    5 1.44    6 
goe285   7.50 0.0729    9  57.12    8 -0.5015    8 1.45    6 
e392   7.50 0.0760    9  59.12    8 -0.6552    4 1.42    6 
raf38   7.45 0.0803    8  52.54    6 -0.5167    7 1.24    9 
raf31   7.45 0.0775    8  51.29    6 -0.5485    7 1.25    9 
goe723   7.40 0.0784    8  62.31    9 -0.7572    2 1.50    5 
goe693   7.40 0.0759    9  56.21    7 -0.6205    5 1.41    7 
goe509   7.40 0.0781    8  65.11    9 -0.6415    4 1.48    5 
raf48   7.35 0.0851    7  53.69    7 -0.5445    7 1.33    8 
m685   7.35 0.0796    8  46.95    5 -0.3519   10 1.17   10 
goe398   7.35 0.0768    9  66.82   10 -0.6749    4 1.56    3 
e207   7.35 0.0810    8  48.51    5 -0.4530    8 1.22   10 
hq2511   7.30 0.0744    9  51.65    6 -0.4892    8 1.33    8 
sg6042   7.25 0.0742    9  62.81    9 -0.7515    3 1.53    4 
goe619   7.25 0.0753    9  65.08    9 -0.7302    3 1.51    4 
boe103   7.25 0.0743    9  62.15    9 -0.5977    5 1.52    4 
usa27m2   7.20 0.0842    7  60.64    9 -0.6832    3 1.49    5 
mh115   7.20 0.0722   10  78.23   10 -0.9679    1 1.68    2 
goe406   7.20 0.0255   10 176.49   10 -0.5182    7 1.63    2 
e216   7.20 0.0687   10  82.48   10 -1.0933    1 1.65    2 
tsagi12   7.15 0.0855    7  46.97    5 -0.3874    9 1.10   10 
sd7034   7.15 0.0727    9  60.14    8 -0.5470    7 1.49    5 
s4310   7.15 0.0758    9  58.98    8 -0.5674    6 1.50    5 
goe623   7.15 0.0736    9  58.48    8 -0.5555    6 1.48    5 
goe504   7.15 0.0913    5  60.63    9 -0.8100    2 1.44    6 
goe497   7.15 0.0786    8  68.32   10 -0.9162    1 1.59    3 
e854   7.15 0.0866    6  53.74    7 -0.7685    2 1.32    8 
s4233   7.10 0.0816    8  49.87    6 -0.5209    7 1.34    8 
usa35b   7.05 0.0788    8  66.21    9 -0.5381    7 1.54    4 
goe530   7.05 0.0791    8  65.57    9 -0.6209    5 1.54    4 
goe478   7.05 0.0774    8  64.89    9 -0.7302    3 1.53    4 
mh70   7.05 0.0723    9  53.55    7 -0.3931    9 1.45    6 
naca6412   7.00 0.0745    9  71.93   10 -0.8622    1 1.66    2 
hq2512   7.00 0.0789    8  46.93    5 -0.4569    8 1.31    9 
goe363   7.00 0.0725    9  71.14   10 -0.6864    3 1.62    2 
fx79w151a   7.00 0.0859    7  52.59    7 -0.5828    6 1.39    7 
fx63110   7.00 0.0744    9  72.66   10 -0.9205    1 1.68    2 
gs1   6.95 0.0806    8  58.85    8 -0.7196    3 1.49    5 
e197   6.95 0.0879    6  47.63    5 -0.5490    7 1.24   10 
vr7   6.90 0.0822    7  50.38    6 -0.4214    9 1.32    8 
goe480   6.90 0.0770    9  66.42    9 -0.7557    2 1.58    3 
clarkz   6.90 0.0727    9  62.91    9 -0.6174    5 1.56    3 
usnps4   6.85 0.0705   10  73.72   10 -0.7675    2 1.77    1 
usa48   6.80 0.0832    7  45.34    5 -0.4658    8 1.25    9 
usa45m   6.80 0.0854    7  46.05    5 -0.3681    9 1.31    9 
psu-90-125wl   6.80 0.0844    7  45.68    5 -0.4911    8 1.31    9 
s3010   6.80 0.0704   10  52.58    6 -0.3774    9 1.44    6 
goe430   6.80 0.0782    8  68.22   10 -0.9524    1 1.66    2 
n2414   6.75 0.0792    8  49.88    6 -0.4759    8 1.39    7 
m15   6.75 0.0813    8  50.98    6 -0.4582    8 1.40    7 
hq3012   6.75 0.0798    8  51.24    6 -0.5533    6 1.41    7 
goe584   6.75 0.0822    7  60.26    8 -0.6778    4 1.50    5 
wb140   6.70 0.0886    6  52.06    6 -0.6528    4 1.35    8 
tempest2   6.70 0.0841    7  43.57    4 -0.4271    9 1.04   10 
mh18   6.70 0.0854    7  42.68    4 -0.3635    9 1.13   10 
goe615   6.70 0.0804    8  65.94    9 -0.7254    3 1.56    3 
goe493   6.70 0.0864    6  50.35    6 -0.6681    4 1.34    8 
fx60126   6.70 0.0783    8  60.27    9 -0.7412    3 1.60    3 
e395   6.70 0.0808    8  66.70    9 -0.9912    1 1.55    3 
c5d   6.70 0.0834    7  41.80    4 -0.4995    8 1.23   10 
c141c   6.70 0.0820    7  43.59    4 -0.4843    8 1.14   10 
goe550   6.65 0.0843    7  54.51    7 -0.7407    3 1.45    6 
usa28   6.60 0.0896    6  45.97    5 -0.6185    5 1.28    9 
spicasm   6.60 0.0811    8  59.02    8 -0.6058    5 1.53    4 
e434   6.60 0.0935    5  54.19    7 -0.7346    3 1.39    7 
e210   6.60 0.0806    8  58.71    8 -0.7502    3 1.54    4 
defcnd3   6.60 0.0751    9  52.18    6 -0.3847    9 1.43    6 
clarym15   6.60 0.0790    8  59.37    8 -0.6318    5 1.53    4 
goe600   6.55 0.0809    8  44.86    4 -0.4369    9 1.30    9 
goe476   6.55 0.0891    6  59.89    8 -0.7913    2 1.48    5 
fx84w127   6.55 0.0850    7  52.49    6 -0.6075    5 1.39    7 
raf34   6.50 0.0875    6  44.16    4 -0.3435   10 1.19   10 
goe412   6.50 0.0835    7  61.01    9 -0.7907    2 1.56    3 
goe256   6.50 0.0831    7  61.96    9 -0.7477    3 1.56    3 
s8055   6.45 0.0830    7  47.46    5 -0.4410    8 1.36    8 
sg6043   6.45 0.0780    8  72.21   10 -1.0263    1 1.69    1 
goe675   6.45 0.0781    8  69.76   10 -0.8566    1 1.74    1 
goe449   6.45 0.0915    5  62.69    9 -0.8838    1 1.52    4 
fx84w150   6.45 0.0908    6  52.67    7 -0.6805    4 1.45    6 
fx63120   6.45 0.0785    8  76.16   10 -1.0622    1 1.74    1 
usa40   6.35 0.0773    8  61.24    9 -0.6714    4 1.63    2 
goe358   6.35 0.0813    8  65.83    9 -0.9313    1 1.62    2 
vr11x   6.30 0.0808    8  46.22    5 -0.3758    9 1.42    7 
rg15a213   6.30 0.0800    8  46.69    5 -0.4294    9 1.41    7 
hq3513   6.30 0.0829    7  53.23    7 -0.6260    5 1.49    5 
geminism   6.30 0.0918    5  43.00    4 -0.4491    8 1.21   10 
e396   6.30 0.0863    6  62.34    9 -0.9773    1 1.60    3 
defcnd2   6.30 0.0852    7  55.23    7 -0.5646    6 1.49    5 
rhodesg32   6.25 0.0915    5  55.23    7 -0.4681    8 1.46    6 
goe655   6.25 0.0811    8  58.07    8 -0.5871    6 1.58    3 
fx84w140   6.25 0.0912    5  53.11    7 -0.7034    3 1.43    6 
fx63137sm   6.25 0.0857    7  74.91   10 -1.1706    1 1.93    1 
fx63137   6.25 0.0855    7  75.05   10 -1.1616    1 1.78    1 
rc12b3   6.15 0.0901    6  43.63    4 -0.3942    9 1.25    9 
goe681   6.15 0.0838    7  60.28    9 -0.6702    4 1.65    2 
goe621   6.15 0.0835    7  62.01    9 -0.7620    2 1.66    2 
goe612   6.15 0.0837    7  61.87    9 -0.7622    2 1.67    2 
goe387   6.15 0.0844    7  62.91    9 -0.7237    3 1.63    2 
e203   6.15 0.0879    6  44.84    4 -0.5574    6 1.28    9 
clarkys   6.15 0.0870    6  42.01    4 -0.2093   10 1.27    9 
fx83w108   6.10 0.0874    6  54.95    7 -0.8639    1 1.48    5 
n0011sc   6.05 0.0899    6  41.26    3 -0.4365    9 1.00   10 
eh3012   6.05 0.0900    6  40.79    3 -0.2137   10 1.24   10 
goe367   6.05 0.0860    7  59.42    8 -0.7204    3 1.57    3 
n63412   6.00 0.0845    7  43.70    4 -0.4892    8 1.32    8 
amsoil1   6.00 0.0841    7  42.92    4 -0.4294    9 1.37    8 
goe620   5.95 0.0893    6  61.58    9 -0.8696    1 1.61    2 
sc20712   5.95 0.0964    5  43.34    4 -0.5736    6 1.29    9 
goe758   5.95 0.0855    7  55.59    7 -0.6491    4 1.55    4 
sg6051   5.90 0.0897    6  46.61    5 -0.6212    5 1.38    7 
goe575   5.90 0.0915    5  54.21    7 -0.7053    3 1.47    5 
e333   5.90 0.0887    6  46.69    5 -0.3216   10 1.41    7 
goe567   5.85 0.0909    6  57.10    8 -0.8776    1 1.59    3 
fx63145   5.85 0.0867    6  59.26    8 -0.7593    2 1.58    3 
naca651412   5.85 0.0959    5  38.39    3 -0.5188    7 1.22   10 
e555   5.85 0.0978    4  45.32    5 -0.7197    3 1.38    8 
e220   5.85 0.0932    5  39.37    3 -0.3399   10 1.17   10 
goe506   5.80 0.0923    5  50.62    6 -0.6435    4 1.42    6 
e556   5.80 0.0933    5  50.16    6 -0.7986    2 1.45    6 
e332   5.80 0.0905    6  42.24    4 -0.2302   10 1.34    8 
hq3013   5.75 0.0853    7  48.67    5 -0.5664    6 1.43    6 
avistar   5.75 0.0840    7  46.63    5 -0.4692    8 1.42    6 
goe704   5.70 0.0888    6  40.61    3 -0.3121   10 1.26    9 
goe533   5.70 0.0822    7  58.97    8 -0.6460    4 1.67    2 
goe532   5.70 0.0838    7  59.49    8 -0.6304    5 1.65    2 
n2415   5.65 0.0852    7  45.18    4 -0.4390    9 1.39    7 
mb253515sm   5.65 0.0991    4  40.22    3 -0.4207    9 1.16   10 
hq3514   5.65 0.0902    6  49.65    6 -0.6450    4 1.50    5 
goe633   5.65 0.0866    6  52.49    6 -0.4670    8 1.49    5 
e334   5.65 0.0873    6  50.69    6 -0.4076    9 1.49    5 
goe650   5.60 0.0843    7  56.36    7 -0.7730    2 1.56    3 
goe549   5.60 0.0859    7  55.72    7 -0.6547    4 1.58    3 
goe426   5.60 0.0827    7  55.78    7 -0.6457    4 1.58    3 
goe165   5.55 0.0963    5  56.61    7 -0.9143    1 1.53    4 
e557   5.55 0.0920    5  54.52    7 -0.8893    1 1.52    4 
sg6050   5.55 0.0881    6  47.52    5 -0.5974    5 1.44    6 
goe553   5.55 0.0819    8  59.07    8 -0.6352    4 1.68    1 
goe692   5.50 0.0898    6  58.33    8 -0.8383    1 1.65    2 
goe654   5.50 0.0861    6  57.69    8 -0.6144    5 1.62    2 
goe498   5.50 0.0903    6  60.22    8 -0.8640    1 1.61    2 
e562   5.50 0.0864    6  57.02    8 -0.8429    1 1.61    2 
e398   5.50 0.0884    6  59.83    8 -0.9271    1 1.65    2 
apex16   5.50 0.0943    5  39.01    3 -0.5394    7 1.28    9 
sd7062   5.45 0.0786    8  56.94    7 -0.5402    7 1.66    2 
n5h15   5.45 0.1077    3  39.06    3 -0.3966    9 1.21   10 
goe685   5.45 0.0916    5  49.58    6 -0.6735    4 1.48    5 
bambino6   5.45 0.1137    3  38.38    3 -0.5445    7 1.16   10 
vr5   5.45 0.0878    6  43.45    4 -0.3619   10 1.39    7 
m18   5.45 0.0889    6  44.25    4 -0.3631   10 1.41    7 
e664ex   5.45 0.1115    3  78.65   10 -1.8954    1 2.08    1 
goe329   5.40 0.0888    6  56.51    7 -0.6983    3 1.59    3 
hq3014   5.35 0.0913    5  45.34    5 -0.5557    6 1.43    6 
sc20612   5.30 0.0977    4  38.67    3 -0.5115    7 1.29    9 
goe601   5.30 0.0972    4  38.25    3 -0.4719    8 1.28    9 
goe527   5.30 0.0932    5  58.66    8 -0.7278    3 1.67    2 
goe508   5.30 0.0932    5  59.04    8 -0.7786    2 1.62    2 
goe229   5.30 0.1167    3  48.39    5 -0.9381    1 1.40    7 
e399   5.30 0.0926    5  57.47    8 -0.9546    1 1.64    2 
l188tip   5.25 0.0935    5  42.95    4 -0.6219    5 1.40    7 
goe648   5.25 0.0854    7  54.59    7 -0.5494    7 1.63    2 
goe423   5.25 0.1035    4  49.49    6 -0.7842    2 1.48    5 
ah80129   5.25 0.1208    2  38.88    3 -0.6839    3 1.21   10 
tempest1   5.20 0.1034    4  35.08    2 -0.3912    9 1.10   10 
goe627   5.20 0.0919    5  55.44    7 -0.5982    5 1.56    3 
e397   5.20 0.0933    5  56.38    7 -0.9674    1 1.56    3 
ah93157   5.20 0.1128    3  43.30    4 -0.7361    3 1.32    8 
k1   5.15 0.0935    5  37.35    3 -0.5710    6 1.34    8 
e329   5.15 0.0983    4  45.63    5 -0.3969    9 1.45    6 
goe321   5.10 0.0816    8  55.28    7 -0.4751    8 1.70    1 
e855   5.10 0.0934    5  50.37    6 -0.7655    2 1.51    4 
e584   5.10 0.1177    2  46.49    5 -0.7722    2 1.42    7 
e339   5.10 0.0951    5  49.80    6 -0.4564    8 1.52    4 
clarym18   5.10 0.0923    5  50.10    6 -0.5845    6 1.54    4 
august160   5.10 0.1159    3  40.90    3 -0.3789    9 1.25    9 
e625   5.05 0.0974    4  43.27    4 -0.2553   10 1.41    7 
e542   5.05 0.1430    1  40.29    3 -0.6741    4 1.17   10 
e580   5.00 0.0976    4  53.42    7 -0.9048    1 1.61    3 
n63415   4.95 0.0999    4  38.74    3 -0.5188    7 1.37    8 
e639   4.95 0.0903    6  50.47    6 -0.4294    9 1.61    3 
e328   4.95 0.1027    4  40.85    3 -0.3061   10 1.36    8 
e560   4.95 0.0925    5  57.97    8 -0.9414    1 1.79    1 
goe646   4.90 0.0991    4  48.84    6 -0.7707    2 1.54    4 
goe255   4.90 0.1028    4  48.75    6 -0.7557    2 1.53    4 
e642   4.90 0.1176    2  39.52    3 -0.5846    6 1.29    9 
mh201   4.90 0.0943    5  42.04    4 -0.5419    7 1.44    6 
goe797   4.85 0.0919    5  54.84    7 -0.8088    2 1.64    2 
usa45   4.80 0.0982    4  46.17    5 -0.4470    8 1.47    5 
naca747a415   4.80 0.1236    2  33.98    2 -0.3725    9 1.24   10 
naca632615   4.80 0.0972    4  48.48    5 -0.7321    3 1.49    5 
marske5   4.80 0.1238    2  31.98    2 -0.0924   10 1.18   10 
goe510   4.80 0.0974    4  47.17    5 -0.5918    6 1.48    5 
e343   4.80 0.1022    4  45.41    5 -0.3943    9 1.51    5 
s8037   4.75 0.1043    3  38.71    3 -0.3950    9 1.34    8 
fx61140   4.75 0.1054    3  39.73    3 -0.5863    6 1.36    8 
fx60160   4.75 0.1117    3  39.40    3 -0.6982    3 1.36    8 
hq3015   4.70 0.0968    4  43.00    4 -0.5558    6 1.44    6 
goe647   4.70 0.0893    6  55.80    7 -0.6125    5 1.77    1 
goe624   4.70 0.0867    6  56.48    7 -0.6427    4 1.73    1 
e793   4.70 0.0888    6  53.86    7 -0.7216    3 1.70    1 
goe420   4.65 0.0963    5  47.02    5 -0.6800    4 1.52    4 
goe223   4.65 0.1025    4  54.95    7 -0.9387    1 1.64    2 
e326   4.65 0.1121    3  31.77    2 -0.1145   10 1.28    9 
sg6040   4.60 0.1012    4  40.70    3 -0.5872    6 1.41    7 
e541   4.60 0.1690    1  34.15    2 -0.7807    2 1.17   10 
e336   4.60 0.1008    4  38.70    3 -0.2027   10 1.39    7 
ah79k132   4.60 0.1345    1  35.02    2 -0.6717    4 1.23   10 
naca642415   4.50 0.1035    4  37.05    2 -0.5238    7 1.34    8 
ls413mod   4.50 0.0888    6  48.48    5 -0.5155    7 1.58    3 
goe190   4.50 0.0949    5  55.91    7 -0.8812    1 1.69    1 
e638   4.50 0.0905    6  47.39    5 -0.3325   10 1.56    3 
e582   4.50 0.1136    3  41.26    4 -0.6557    4 1.42    6 
e559   4.50 0.0926    5  53.47    7 -0.8216    2 1.71    1 
e553   4.50 0.1046    3  41.58    4 -0.6795    4 1.46    6 
davis_corrected   4.50 0.1013    4  34.36    2 -0.2420   10 1.36    8 
mh84   4.45 0.0853    7  52.17    6 -0.4346    9 1.83    1 
ah93156   4.45 0.1315    2  37.01    2 -0.6958    3 1.28    9 
e678   4.45 0.1025    4  46.71    5 -0.8848    1 1.55    4 
mue139   4.40 0.0933    5  48.80    6 -0.4600    8 1.66    2 
goe679   4.40 0.0964    5  52.58    6 -0.7088    3 1.62    2 
e551   4.40 0.1099    3  37.73    3 -0.6232    5 1.40    7 
naca747a315   4.35 0.1317    2  28.99    1 -0.2623   10 1.21   10 
fx61147   4.35 0.1029    4  44.59    4 -0.6694    4 1.50    5 
usa33   4.30 0.1159    3  35.50    2 -0.3220   10 1.35    8 
s4158   4.30 0.1143    3  34.69    2 -0.6340    4 1.36    8 
marske2   4.30 0.1088    3  34.43    2 -0.1203   10 1.38    8 
goe645   4.30 0.0954    5  48.59    5 -0.5657    6 1.60    3 
goe512   4.30 0.0936    5  46.71    5 -0.4343    9 1.59    3 
e561   4.30 0.0978    4  55.46    7 -0.9203    1 1.85    1 
usa40b   4.25 0.0898    6  50.11    6 -0.5520    6 1.82    1 
mh83   4.25 0.0898    6  49.35    6 -0.4121    9 1.86    1 
goe769   4.25 0.0883    6  50.59    6 -0.4167    9 1.69    1 
e682   4.25 0.1426    1  31.61    2 -0.6370    4 1.25    9 
ah94156   4.25 0.1359    1  35.08    2 -0.6661    4 1.28    9 
goe604   4.20 0.0987    4  52.04    6 -0.5885    6 1.61    2 
goe433   4.20 0.1001    4  51.53    6 -0.8473    1 1.66    2 
goe413   4.20 0.0973    4  50.95    6 -0.7546    2 1.63    2 
v43012   4.20 0.0932    5  44.97    4 -0.2805   10 1.52    4 
pt40   4.20 0.0934    5  42.59    4 -0.5132    7 1.52    4 
cr1   4.20 0.0929    5  45.09    4 -0.6334    4 1.53    4 
ui1720   4.15 0.1643    1  29.95    1 -0.5549    6 1.02   10 
naca633618   4.15 0.1092    3  41.42    4 -0.6888    3 1.47    5 
fx78k161   4.15 0.2277    1  17.94    1 -0.4845    8 1.19   10 
fx78k140a20   4.15 0.2119    1  19.75    1 -0.7188    3 1.23   10 
e543   4.15 0.1697    1  23.98    1 -0.3643    9 1.11   10 
e342   4.15 0.1040    3  42.30    4 -0.3186   10 1.49    5 
dsma523b   4.15 0.1514    1  24.45    1 -0.5383    7 1.16   10 
ah88k136   4.15 0.1795    1  24.94    1 -0.6212    5 1.17   10 
ah82150f   4.15 0.2223    1  17.13    1 -0.6197    5 1.18   10 
ah79k143   4.15 0.1584    1  28.54    1 -0.6311    5 1.17   10 
nn7mk20   4.10 0.1294    2  32.18    2 -0.6058    5 1.37    8 
naca643418   4.10 0.1227    2  31.84    2 -0.5253    7 1.37    8 
goe703   4.10 0.1319    2  35.26    2 -0.4969    8 1.35    8 
e344   4.10 0.1019    4  48.31    5 -0.4730    8 1.57    3 
goe319   4.05 0.0944    5  51.60    6 -0.5459    7 1.79    1 
fxs02196   4.05 0.1170    3  40.93    3 -0.6934    3 1.45    6 
e598   4.05 0.0904    6  43.23    4 -0.3220   10 1.55    3 
e585   4.05 0.1137    3  37.11    3 -0.5779    6 1.45    6 
e1210   4.05 0.0938    5  50.96    6 -0.5554    6 1.80    1 
naca652415   4.00 0.1192    2  30.74    1 -0.5029    8 1.28    9 
ls413   4.00 0.0983    4  44.64    4 -0.6425    4 1.55    4 
goe290   4.00 0.1011    4  43.85    4 -0.5368    7 1.53    4 
e549   4.00 0.1197    2  30.94    1 -0.4528    8 1.30    9 
arad13   4.00 0.0849    7  46.94    5 -0.3422   10 1.73    1 
ah93w145   4.00 0.0992    4  43.83    4 -0.5846    6 1.53    4 
e558   3.95 0.0932    5  48.29    5 -0.6907    3 1.63    2 
sc20614   3.95 0.1111    3  34.74    2 -0.5249    7 1.40    7 
marske3   3.95 0.1091    3  33.87    2 -0.0943   10 1.40    7 
goe626   3.90 0.1073    3  47.74    5 -0.8444    1 1.59    3 
goe628   3.85 0.0974    4  51.48    6 -0.6620    4 1.79    1 
goe534   3.85 0.0986    4  49.69    6 -0.5779    6 1.74    1 
goe288   3.85 0.1025    4  52.16    6 -0.8259    2 1.99    1 
naca643618   3.85 0.1185    2  39.90    3 -0.7309    3 1.45    6 
fx63158   3.80 0.1116    3  42.01    4 -0.6574    4 1.53    4 
r1082t   3.80 0.1374    1  26.17    1 -0.3659    9 1.30    9 
naca644421   3.80 0.1396    1  25.78    1 -0.4717    8 1.30    9 
fxs03182   3.80 0.1831    1  21.75    1 -0.6288    5 1.26    9 
fx79k144   3.80 0.1558    1  25.34    1 -0.5202    7 1.27    9 
e266   3.80 0.1738    1  21.72    1 -0.3867    9 1.26    9 
ah93k131   3.80 0.1544    1  25.96    1 -0.5261    7 1.25    9 
ah93k130   3.80 0.1687    1  25.01    1 -0.5775    6 1.24    9 
sm701   3.75 0.0980    4  48.00    5 -0.7289    3 1.65    2 
sc20714   3.75 0.1205    2  32.11    2 -0.5195    7 1.42    7 
naca633418   3.75 0.1185    2  33.14    2 -0.5166    7 1.39    7 
goe735   3.75 0.1213    2  36.95    2 -0.3225   10 1.39    7 
goe425   3.75 0.0971    4  47.06    5 -0.5867    6 1.65    2 
goe404   3.75 0.1001    4  46.43    5 -0.5315    7 1.68    2 
k3   3.70 0.1149    3  38.65    3 -0.7907    2 1.47    5 
fx77w121   3.70 0.1113    3  38.19    3 -0.3864    9 1.47    5 
goe535   3.65 0.1053    3  50.89    6 -0.7687    2 1.81    1 
naca634421   3.65 0.1285    2  28.68    1 -0.4719    8 1.35    8 
e435   3.60 0.1213    2  41.79    4 -0.8722    1 1.54    4 
dfvlrr4   3.60 0.1134    3  32.61    2 -0.5649    6 1.45    6 
mh102   3.55 0.0966    4  38.35    3 -0.3701    9 1.51    4 
ah83150q   3.55 0.1398    1  32.65    2 -0.5078    7 1.40    7 
goe683   3.50 0.1210    2  38.38    3 -0.4781    8 1.48    5 
e858   3.50 0.1280    2  37.79    3 -0.6722    4 1.49    5 
goe481a   3.45 0.1067    3  42.85    4 -0.6954    3 1.59    3 
r1082   3.45 0.1676    1  21.11    1 -0.3485   10 1.33    8 
ms313   3.40 0.0928    5  41.17    3 -0.4609    8 1.57    3 
goe298   3.40 0.0991    4  46.22    5 -0.6061    5 1.76    1 
fxs21158   3.40 0.1178    2  36.51    2 -0.5829    6 1.44    6 
fx66a175   3.40 0.1321    2  33.65    2 -0.6136    5 1.46    6 
e431   3.40 0.1177    2  36.95    2 -0.6051    5 1.45    6 
fx66s161   3.35 0.1114    3  38.86    3 -0.6041    5 1.53    4 
atr72sm   3.35 0.1058    3  38.50    3 -0.3290   10 1.55    4 
goe418   3.30 0.1018    4  44.36    4 -0.6341    4 1.61    2 
goe386   3.20 0.1054    3  48.45    5 -0.6661    4 1.78    1 
goe284   3.20 0.1049    3  45.73    5 -0.6116    5 1.77    1 
e856   3.20 0.1050    3  46.57    5 -0.7716    2 1.68    1 
fx61184   3.20 0.1381    1  31.61    2 -0.6626    4 1.45    6 
nlf0215f   3.15 0.1234    2  38.54    3 -0.7174    3 1.52    4 
e587   3.15 0.1276    2  38.04    3 -0.8153    2 1.51    4 
goe383   3.10 0.1089    3  45.25    4 -0.5646    6 1.65    2 
n6h15   3.10 0.2042    1  22.30    1 -0.4863    8 1.38    7 
fx05188   3.10 0.1830    1  20.41    1 -0.5494    7 1.39    7 
e604   3.10 0.1582    1  26.78    1 -0.6174    5 1.39    7 
fx61168   3.05 0.1230    2  36.30    2 -0.6400    4 1.49    5 
e583   3.05 0.1305    2  34.73    2 -0.5717    6 1.47    5 
e552   3.05 0.1211    2  33.36    2 -0.5517    7 1.50    5 
hq3518   3.00 0.1119    3  39.66    3 -0.6208    5 1.58    3 
goe741   3.00 0.1145    3  37.93    3 -0.2995   10 1.56    3 
e432   3.00 0.1141    3  37.66    3 -0.5336    7 1.56    3 
goe702   2.95 0.1018    4  41.37    4 -0.4054    9 1.70    1 
fx84w175   2.90 0.1169    3  34.72    2 -0.5373    7 1.52    4 
goe777   2.85 0.1339    1  33.81    2 -0.3470   10 1.49    5 
fx69pr281   2.85 0.1458    1  34.25    2 -0.7659    2 1.50    5 
goe424   2.80 0.1259    2  37.59    3 -0.5441    7 1.59    3 
goe522   2.75 0.1142    3  42.57    4 -0.7179    3 1.68    1 
e857   2.75 0.1156    3  43.28    4 -0.7608    2 1.70    1 
e1211   2.75 0.1091    3  42.29    4 -0.5836    6 1.77    1 
fx62k153   2.75 0.1730    1  25.72    1 -0.8127    2 1.45    6 
ah93w300   2.75 0.1623    1  24.39    1 -0.4944    8 1.46    6 
nlf416   2.70 0.1244    2  32.29    2 -0.4982    8 1.55    4 
mh82   2.70 0.0923    5  39.55    3 -0.1557   10 1.70    1 
fx66s171   2.70 0.1191    2  36.16    2 -0.5985    5 1.55    4 
ah80140   2.70 0.1231    2  32.97    2 -0.4038    9 1.54    4 
e748   2.55 0.1186    2  44.74    4 -0.8948    1 1.90    1 
e554   2.55 0.1146    3  36.74    2 -0.6025    5 1.56    3 
ste87391   2.40 0.1590    1  24.20    1 -0.6893    3 1.50    5 
miley   2.40 0.2265    1  16.93    1 -0.4168    9 1.49    5 
fx83w160   2.40 0.1582    1  24.60    1 -0.7601    2 1.48    5 
fx66182   2.40 0.1387    1  29.91    1 -0.5516    7 1.50    5 
fx6617a2   2.40 0.1408    1  28.59    1 -0.5182    7 1.50    5 
ec863914   2.40 0.1415    1  30.74    1 -0.8272    2 1.47    5 
hq300gd2   2.35 0.1294    2  32.75    2 -0.4931    8 1.57    3 
goe388   2.35 0.1218    2  36.85    2 -0.6803    4 1.60    3 
l7769   2.25 0.1306    2  26.96    1 -0.2459   10 1.52    4 
goe513   2.20 0.1118    3  37.04    2 -0.3589   10 1.64    2 
e1212   2.20 0.1078    3  35.13    2 -0.3775    9 1.67    2 
goe435   2.10 0.1296    2  40.04    3 -0.8248    2 1.74    1 
e1233   2.10 0.1190    2  37.13    3 -0.5135    7 1.73    1 
e1230   2.05 0.1024    4  37.03    2 -0.3324   10 1.72    1 
sc20518   2.05 0.1402    1  25.44    1 -0.4576    8 1.51    4 
goe770   2.00 0.1215    2  31.15    2 -0.2527   10 1.62    2 
fx77w153   2.00 0.1245    2  32.54    2 -0.2888   10 1.62    2 
ms317   1.90 0.1217    2  31.08    1 -0.4221    9 1.59    3 
goe434   1.90 0.1341    1  40.45    3 -0.8841    1 1.76    1 
e593   1.90 0.1225    2  30.43    1 -0.2738   10 1.58    3 
ah93w174   1.90 0.1296    2  29.90    1 -0.4793    8 1.59    3 
fx6617ai   1.70 0.1469    1  27.80    1 -0.5584    6 1.57    3 
e654   1.70 0.1690    1  25.02    1 -0.7169    3 1.56    3 
e1200   1.70 0.1459    1  28.75    1 -0.6050    5 1.55    3 
ls421mod   1.35 0.1432    1  30.33    1 -0.3981    9 1.64    2 
ls417   1.35 0.1463    1  28.99    1 -0.5975    5 1.61    2 
ls417mod   1.20 0.1331    2  28.90    1 -0.3875    9 1.72    1 
arad20   1.20 0.1210    2  30.51    1 -0.1520   10 1.74    1 
ah93w480b   1.00 0.3564    1  15.31 1.00 -1.1185 1.00