 0.999975  0.002625
  0.998431  0.003061
  0.993809  0.004364
  0.986145  0.006523
  0.975494  0.009514
  0.961933  0.013310
  0.945561  0.017874
  0.926489  0.023165
  0.904849  0.029132
  0.880784  0.035723
  0.854450  0.042876
  0.826012  0.050526
  0.795645  0.058600
  0.763531  0.067016
  0.729860  0.075684
  0.694824  0.084505
  0.658625  0.093367
  0.621465  0.102148
  0.583553  0.110717
  0.545101  0.118930
  0.506326  0.126638
  0.467448  0.133687
  0.428631  0.139923
  0.389726  0.145136
  0.350904  0.149038
  0.312439  0.151359
  0.274647  0.151875
  0.237881  0.150423
  0.202522  0.146909
  0.168965  0.141323
  0.137603  0.133734
  0.108807  0.124296
  0.082912  0.113227
  0.060198  0.100801
  0.040880  0.087323
  0.025105  0.073108
  0.012951  0.058455
  0.004431  0.043633
 -0.000500  0.028859
 -0.001932  0.014286
  0.000000  0.000000
  0.005015 -0.013512
  0.012811 -0.025808
  0.023199 -0.036934
  0.035993 -0.046944
  0.051015 -0.055898
  0.068113 -0.063854
  0.087162 -0.070867
  0.108071 -0.076987
  0.130787 -0.082262
  0.155291 -0.086737
  0.181587 -0.090456
  0.209692 -0.093459
  0.239620 -0.095787
  0.271363 -0.097470
  0.304878 -0.098526
  0.340079 -0.098954
  0.376829 -0.098729
  0.414935 -0.097800
  0.454093 -0.096094
  0.493674 -0.093583
  0.533358 -0.090334
  0.572882 -0.086424
  0.611980 -0.081928
  0.650392 -0.076924
  0.687859 -0.071491
  0.724131 -0.065710
  0.758967 -0.059667
  0.792140 -0.053450
  0.823436 -0.047156
  0.852657 -0.040885
  0.879622 -0.034743
  0.904168 -0.028840
  0.926151 -0.023289
  0.945446 -0.018200
  0.961946 -0.013680
  0.975563 -0.009829
  0.986225 -0.006735
  0.993879 -0.004470
  0.998486 -0.003089
  1.000025 -0.002625